60
-5.959834
-1.726144
-7.795641
-7.713293
8.627722
7.886360
-8.211850
3.242254
-9.363447
7.233221
-7.572565
-3.122262
1.352951
8.068715
0.161188
4.790165
-9.800050
-3.601440
9.470510
8.921305
-0.058981
1.637150
-6.721701
3.944432
3.675300
-3.647957
-0.154074
-7.588492
-8.674428
-2.461485
-6.741298
-0.316307
-0.667407
2.013481
-7.445870
-0.491891
8.768107
-6.662118
-8.297159
-9.073455
-4.312602
5.781999
-5.596479
-7.733875
-1.632573
5.224965
-1.500553
5.909908
5.296592
2.401259
-3.137544
8.590727
0.076867
-6.486781
-2.092358
3.738127
8.716706
-6.726628
-0.263213
6.830269