-9.800050
-9.363447
-9.073455
-8.674428
-8.297159
-8.211850
-7.795641
-7.733875
-7.713293
-7.588492
-7.572565
-7.445870
-6.741298
-6.726628
-6.721701
-6.662118
-6.486781
-5.959834
-5.596479
-4.312602
-3.647957
-3.601440
-3.137544
-3.122262
-2.461485
-2.092358
-1.726144
-1.632573
-1.500553
-0.667407
-0.491891
-0.316307
-0.263213
-0.154074
-0.058981
0.076867
0.161188
1.352951
1.637150
2.013481
2.401259
3.242254
3.675300
3.738127
3.944432
4.790165
5.224965
5.296592
5.781999
5.909908
6.830269
7.233221
7.886360
8.068715
8.590727
8.627722
8.716706
8.768107
8.921305
9.470510
60.000000
